0	0	2691
1	2691	2759
2	5450	1931
3	7381	2450
4	9831	7176
5	17007	1568
6	18575	1159
7	19734	1159
8	20893	1151
9	22044	803
10	22847	1135
11	23982	8095
12	32077	5561
13	37638	1335
14	38973	2019
15	40992	4770
16	45762	6800
17	52562	8201
18	60763	3931
19	64694	5505
20	70199	1259
21	71458	8871
22	80329	6031
23	86360	2075
24	88435	4470
25	92905	1957
26	94862	9319
27	104181	2415
28	106596	1283
29	107879	2936
30	110815	2170
31	112985	3027
32	116012	953
33	116965	3783
34	120748	2609
35	123357	1527
36	124884	3422
37	128306	1669
38	129975	6387
39	136362	2481
40	138843	2168
41	141011	5087
42	146098	8583
43	154681	5205
44	159886	1103
45	160989	1315
46	162304	1478
47	163782	2481
48	166263	2377
49	168640	1835
50	170475	3518
51	173993	2435
52	176428	3942
53	180370	3770
54	184140	452
55	184592	13402
56	197994	9619
57	207613	2477
58	210090	2099
59	212189	2447
60	214636	2671
61	217307	6398
62	223705	8013
63	231718	5245
64	236963	5963
65	242926	4575
66	247501	2511
67	250012	2499
68	252511	7430
69	259941	8527
70	268468	5421
71	273889	659
72	274548	2810
73	277358	3261
74	280619	1150
75	281769	1793
76	283562	1936
77	285498	652
78	286150	493
79	286643	616
80	287259	2588
81	289847	2530
82	292377	1933
83	294310	5785
84	300095	2048
85	302143	3836
86	305979	8149
87	314128	4203
88	318331	2399
89	320730	1589
90	322319	3024
91	325343	1791
92	327134	8322
93	335456	1711
94	337167	1965
95	339132	1571
96	340703	2570
97	343273	2017
98	345290	3762
99	349052	953
100	350005	1218
101	351223	1937
102	353160	1449
103	354609	3822
104	358431	5729
105	364160	2251
106	366411	2913
107	369324	1515
108	370839	5761
109	376600	2669
110	379269	1298
111	380567	1276
112	381843	1345
113	383188	7966
114	391154	1723
115	392877	2841
116	395718	1253
117	396971	1441
118	398412	5135
119	403547	3052
120	406599	1307
121	407906	2799
122	410705	1454
123	412159	940
124	413099	2786
125	415885	1505
126	417390	918
127	418308	3011
128	421319	1233
129	422552	8790
130	431342	2619
131	433961	1635
132	435596	2245
133	437841	2001
134	439842	6264
135	446106	2089
136	448195	1577
137	449772	3158
138	452930	4070
139	457000	2694
140	459694	2893
141	462587	1047
142	463634	1429
143	465063	5516
144	470579	3629
145	474208	2091
146	476299	5819
147	482118	6791
148	488909	1231
149	490140	1530
150	491670	367
151	492037	2209
152	494246	2956
153	497202	1230
154	498432	932
155	499364	1878
156	501242	2977
157	504219	6896
158	511115	2671
159	513786	1573
160	515359	1778
161	517137	1715
162	518852	970
163	519822	8969
164	528791	5620
165	534411	5678
166	540089	5495
167	545584	6752
168	552336	2083
169	554419	19466
170	573885	7690
171	581575	1829
172	583404	1247
173	584651	3045
174	587696	1867
175	589563	2702
176	592265	4184
177	596449	1422
178	597871	604
179	598475	6581
180	605056	2425
181	607481	1838
182	609319	3356
183	612675	1898
184	614573	13768
185	628341	551
186	628892	1649
187	630541	3040
188	633581	2377
189	635958	2841
190	638799	18383
191	657182	3151
192	660333	5184
193	665517	5575
194	671092	4709
195	675801	5546
196	681347	1888
197	683235	3892
198	687127	6090
199	693217	2473
200	695690	4445
201	700135	982
202	701117	799
203	701916	4183
204	706099	2680
205	708779	2969
206	711748	1263
207	713011	1956
208	714967	2329
209	717296	2747
210	720043	2315
211	722358	1302
212	723660	4710
213	728370	4591
214	732961	3588
215	736549	3141
216	739690	4115
217	743805	4514
218	748319	2784
219	751103	3832
220	754935	2319
221	757254	1750
222	759004	2308
223	761312	20509
224	781821	3321
225	785142	4093
226	789235	1928
227	791163	8743
228	799906	2687
229	802593	5326
230	807919	5358
231	813277	3698
232	816975	4179
233	821154	5941
234	827095	3038
235	830133	5471
236	835604	1747
237	837351	2630
238	839981	5041
239	845022	4798
240	849820	3321
241	853141	5429
242	858570	5500
243	864070	4287
244	868357	2547
245	870904	4421
246	875325	7409
247	882734	194
248	882928	4740
249	887668	911
250	888579	802
251	889381	2243
252	891624	1788
253	893412	946
254	894358	1848
255	896206	12146
256	908352	4444
257	912796	6897
258	919693	9990
259	929683	1125
260	930808	9954
261	940762	3389
262	944151	1411
263	945562	3525
264	949087	5375
265	954462	4675
266	959137	5550
267	964687	2588
268	967275	3949
269	971224	3537
270	974761	5178
271	979939	5265
272	985204	1323
273	986527	9382
274	995909	3297
275	999206	603
276	999809	1556
277	1001365	3328
278	1004693	1890
279	1006583	3285
280	1009868	5121
281	1014989	2140
282	1017129	5840
283	1022969	2310
284	1025279	4225
285	1029504	4926
286	1034430	1314
287	1035744	5536
288	1041280	1259
289	1042539	1975
290	1044514	2683
291	1047197	2439
292	1049636	1235
293	1050871	6839
294	1057710	3188
295	1060898	2615
296	1063513	5263
297	1068776	1936
298	1070712	2591
299	1073303	4796
300	1078099	4749
301	1082848	4508
302	1087356	3109
303	1090465	7716
304	1098181	5834
305	1104015	3550
306	1107565	3365
307	1110930	2387
308	1113317	3516
309	1116833	2196
310	1119029	2061
311	1121090	9210
312	1130300	5431
313	1135731	7547
314	1143278	5463
315	1148741	4881
316	1153622	8289
317	1161911	11974
318	1173885	6354
319	1180239	1455
320	1181694	1880
321	1183574	998
322	1184572	5322
323	1189894	2975
324	1192869	693
325	1193562	4213
326	1197775	838
327	1198613	3171
328	1201784	756
329	1202540	943
330	1203483	4251
331	1207734	3693
332	1211427	1298
333	1212725	1830
334	1214555	1171
335	1215726	1659
336	1217385	901
337	1218286	2521
338	1220807	4407
339	1225214	4705
340	1229919	1133
341	1231052	2265
342	1233317	979
343	1234296	1995
344	1236291	1216
345	1237507	1506
346	1239013	577
347	1239590	3988
348	1243578	1471
349	1245049	4834
350	1249883	2505
351	1252388	2089
352	1254477	2511
353	1256988	2262
354	1259250	3507
355	1262757	1695
356	1264452	1145
357	1265597	2629
358	1268226	2048
359	1270274	1918
360	1272192	4313
361	1276505	14619
362	1291124	2145
363	1293269	6608
364	1299877	13751
365	1313628	9082
366	1322710	3726
367	1326436	4627
368	1331063	3660
369	1334723	5692
370	1340415	1711
371	1342126	4007
372	1346133	1912
373	1348045	9784
374	1357829	6507
375	1364336	2473
376	1366809	4549
377	1371358	7571
378	1378929	2106
379	1381035	3725
380	1384760	4333
381	1389093	1106
382	1390199	2234
383	1392433	485
384	1392918	3176
385	1396094	2124
386	1398218	10207
387	1408425	1140
388	1409565	1356
389	1410921	5195
390	1416116	6668
391	1422784	7839
392	1430623	1431
393	1432054	1785
394	1433839	2259
395	1436098	3427
396	1439525	1971
397	1441496	2115
398	1443611	6062
399	1449673	2089
400	1451762	1470
401	1453232	1120
402	1454352	3191
403	1457543	6328
404	1463871	1997
405	1465868	2405
406	1468273	2622
407	1470895	2626
408	1473521	3616
409	1477137	1426
410	1478563	8509
411	1487072	3923
412	1490995	1493
413	1492488	10459
414	1502947	4113
415	1507060	7216
416	1514276	3373
417	1517649	6509
418	1524158	4386
419	1528544	4675
420	1533219	3007
421	1536226	1334
422	1537560	3087
423	1540647	1970
424	1542617	1683
425	1544300	1729
426	1546029	3367
427	1549396	2078
428	1551474	2143
429	1553617	997
430	1554614	1907
431	1556521	3971
432	1560492	2212
433	1562704	5412
434	1568116	1758
435	1569874	1910
436	1571784	2558
437	1574342	2208
438	1576550	2200
439	1578750	1807
440	1580557	2397
441	1582954	6032
442	1588986	4968
443	1593954	1642
444	1595596	13689
445	1609285	5386
446	1614671	990
447	1615661	14519
448	1630180	1868
449	1632048	1619
450	1633667	1109
451	1634776	1531
452	1636307	1778
453	1638085	6092
454	1644177	3002
455	1647179	3092
456	1650271	2400
457	1652671	1968
458	1654639	2864
459	1657503	5417
460	1662920	15406
461	1678326	7253
462	1685579	3369
463	1688948	3248
464	1692196	2554
465	1694750	2974
466	1697724	1356
467	1699080	2311
468	1701391	5287
469	1706678	1625
470	1708303	1310
471	1709613	2004
472	1711617	2617
473	1714234	1509
474	1715743	1503
475	1717246	1408
476	1718654	2504
477	1721158	5146
478	1726304	7839
479	1734143	5333
480	1739476	11022
481	1750498	1847
482	1752345	7282
483	1759627	3703
484	1763330	7941
485	1771271	493
486	1771764	2509
487	1774273	3096
488	1777369	3894
489	1781263	764
490	1782027	886
491	1782913	5687
492	1788600	1499
493	1790099	2153
494	1792252	2633
495	1794885	3681
496	1798566	3285
497	1801851	2101
498	1803952	4841
499	1808793	10157
500	1818950	602
501	1819552	3179
502	1822731	3468
503	1826199	5329
504	1831528	3778
505	1835306	6263
506	1841569	9871
507	1851440	2090
508	1853530	1646
509	1855176	3138
510	1858314	5595
511	1863909	3683
512	1867592	1997
513	1869589	4409
514	1873998	1379
515	1875377	9468
516	1884845	4591
517	1889436	2596
518	1892032	3590
519	1895622	1818
520	1897440	1498
521	1898938	1520
522	1900458	4731
523	1905189	2906
524	1908095	8574
525	1916669	7790
526	1924459	5321
527	1929780	3056
528	1932836	7139
529	1939975	1209
530	1941184	2816
531	1944000	2603
532	1946603	1963
533	1948566	539
534	1949105	5896
535	1955001	532
536	1955533	2088
537	1957621	6640
538	1964261	5895
539	1970156	2533
540	1972689	3087
541	1975776	8954
542	1984730	3629
543	1988359	3906
544	1992265	3053
545	1995318	8969
546	2004287	4053
547	2008340	3406
548	2011746	3651
549	2015397	1480
550	2016877	4495
551	2021372	1035
552	2022407	1789
553	2024196	5609
554	2029805	2108
555	2031913	1809
556	2033722	15867
557	2049589	5946
558	2055535	2267
559	2057802	2631
560	2060433	5416
561	2065849	3935
562	2069784	13784
563	2083568	3839
564	2087407	1862
565	2089269	3652
566	2092921	6607
567	2099528	2974
568	2102502	578
569	2103080	4703
570	2107783	4569
571	2112352	2723
572	2115075	4756
573	2119831	2171
574	2122002	753
575	2122755	800
576	2123555	1114
577	2124669	2957
578	2127626	4429
579	2132055	9697
580	2141752	2209
581	2143961	3184
582	2147145	2119
583	2149264	2300
584	2151564	27061
585	2178625	1913
586	2180538	1793
587	2182331	5393
588	2187724	2520
589	2190244	3431
590	2193675	4795
591	2198470	3746
592	2202216	3399
593	2205615	15507
594	2221122	4163
595	2225285	3616
596	2228901	10176
597	2239077	1701
598	2240778	1522
599	2242300	5887
600	2248187	10979
601	2259166	5273
602	2264439	3875
603	2268314	2218
604	2270532	1329
605	2271861	687
606	2272548	1553
607	2274101	4672
608	2278773	2758
609	2281531	1974
610	2283505	8814
611	2292319	6294
612	2298613	5214
613	2303827	1995
614	2305822	6497
615	2312319	2991
616	2315310	2961
617	2318271	7533
618	2325804	1719
619	2327523	2139
620	2329662	2614
621	2332276	1721
622	2333997	7637
623	2341634	3403
624	2345037	3060
625	2348097	1922
626	2350019	5597
627	2355616	8208
628	2363824	3230
629	2367054	600
630	2367654	3679
631	2371333	5146
632	2376479	6932
633	2383411	944
634	2384355	2386
635	2386741	4391
636	2391132	3575
637	2394707	2928
638	2397635	5649
639	2403284	5111
640	2408395	7377
641	2415772	1147
642	2416919	3962
643	2420881	1370
644	2422251	7370
645	2429621	3316
646	2432937	4405
647	2437342	4899
648	2442241	2368
649	2444609	6102
650	2450711	2302
651	2453013	1731
652	2454744	15335
653	2470079	5416
654	2475495	1394
655	2476889	5719
656	2482608	1416
657	2484024	4656
658	2488680	4632
659	2493312	9791
660	2503103	1754
661	2504857	3500
662	2508357	15729
663	2524086	3932
664	2528018	7919
665	2535937	13802
666	2549739	3820
667	2553559	14114
668	2567673	2013
669	2569686	3133
670	2572819	6336
671	2579155	1000
672	2580155	6657
673	2586812	954
674	2587766	1164
675	2588930	6329
676	2595259	2861
677	2598120	5095
678	2603215	9086
679	2612301	7371
680	2619672	1848
681	2621520	3617
682	2625137	1526
683	2626663	658
684	2627321	3301
685	2630622	2896
686	2633518	2234
687	2635752	5731
688	2641483	4429
689	2645912	709
690	2646621	2570
691	2649191	1555
692	2650746	2534
693	2653280	4378
694	2657658	2943
695	2660601	5448
696	2666049	5882
697	2671931	4481
698	2676412	2778
699	2679190	2084
700	2681274	1086
701	2682360	824
702	2683184	2655
703	2685839	5799
704	2691638	964
705	2692602	1824
706	2694426	1751
707	2696177	7489
708	2703666	1223
709	2704889	2243
710	2707132	2448
711	2709580	1410
712	2710990	599
713	2711589	5020
714	2716609	6138
715	2722747	11640
716	2734387	1234
717	2735621	2359
718	2737980	1046
719	2739026	1281
720	2740307	2199
721	2742506	2837
722	2745343	5203
723	2750546	2457
724	2753003	3039
725	2756042	20096
726	2776138	2865
727	2779003	1629
728	2780632	2263
729	2782895	1780
730	2784675	1477
731	2786152	7367
732	2793519	4619
733	2798138	12607
734	2810745	2429
735	2813174	1839
736	2815013	1462
737	2816475	3125
738	2819600	1395
739	2820995	3897
740	2824892	1120
741	2826012	1147
742	2827159	1353
743	2828512	2402
744	2830914	1976
745	2832890	2377
746	2835267	3482
747	2838749	987
748	2839736	7336
749	2847072	5226
750	2852298	6586
751	2858884	4450
752	2863334	3715
753	2867049	2766
754	2869815	30939
755	2900754	3978
756	2904732	5303
757	2910035	2861
758	2912896	1981
759	2914877	4759
760	2919636	1242
761	2920878	2578
762	2923456	1607
763	2925063	3095
764	2928158	1196
765	2929354	601
766	2929955	1587
767	2931542	1658
768	2933200	1584
769	2934784	8838
770	2943622	7801
771	2951423	4453
772	2955876	2944
773	2958820	627
774	2959447	7709
775	2967156	4067
776	2971223	12574
777	2983797	4948
778	2988745	2547
779	2991292	3923
780	2995215	6333
781	3001548	2644
782	3004192	323
783	3004515	2373
784	3006888	3880
785	3010768	2842
786	3013610	13585
787	3027195	7956
788	3035151	1933
789	3037084	2804
790	3039888	1955
791	3041843	1873
792	3043716	3495
793	3047211	2240
794	3049451	3082
795	3052533	2015
796	3054548	1853
797	3056401	2215
798	3058616	2961
799	3061577	2881
800	3064458	1954
801	3066412	2628
802	3069040	3345
803	3072385	2192
804	3074577	1935
805	3076512	1798
806	3078310	2110
807	3080420	4526
808	3084946	3922
809	3088868	3824
810	3092692	3031
811	3095723	2476
812	3098199	2591
813	3100790	2356
814	3103146	2397
815	3105543	338
816	3105881	5889
817	3111770	9978
818	3121748	2832
819	3124580	984
820	3125564	4448
821	3130012	7196
822	3137208	323
823	3137531	3223
824	3140754	2696
825	3143450	2403
826	3145853	2622
827	3148475	3593
828	3152068	4378
829	3156446	2635
830	3159081	5016
831	3164097	2774
832	3166871	8252
833	3175123	2777
834	3177900	6312
835	3184212	2471
836	3186683	1244
837	3187927	17865
838	3205792	9898
839	3215690	2985
840	3218675	3268
841	3221943	5912
842	3227855	3507
843	3231362	1966
844	3233328	3104
845	3236432	4519
846	3240951	4400
847	3245351	3744
848	3249095	3016
849	3252111	24600
850	3276711	11357
851	3288068	16349
852	3304417	30752
853	3335169	3810
854	3338979	3773
855	3342752	2441
856	3345193	2066
857	3347259	2536
858	3349795	3462
859	3353257	2488
860	3355745	2543
861	3358288	20292
862	3378580	8423
863	3387003	4396
864	3391399	4500
865	3395899	4169
866	3400068	1559
867	3401627	4511
868	3406138	1389
869	3407527	1207
870	3408734	1505
871	3410239	7453
872	3417692	2205
873	3419897	18052
874	3437949	8905
875	3446854	5702
876	3452556	4050
877	3456606	3587
878	3460193	2079
879	3462272	16399
880	3478671	4486
881	3483157	1179
882	3484336	1953
883	3486289	1379
884	3487668	8202
885	3495870	5198
886	3501068	6870
887	3507938	1955
888	3509893	8231
889	3518124	7588
890	3525712	8532
891	3534244	5004
892	3539248	15118
893	3554366	7568
894	3561934	5108
895	3567042	1396
896	3568438	1597
897	3570035	2179
898	3572214	844
899	3573058	6398
900	3579456	2159
901	3581615	8324
902	3589939	4250
903	3594189	1903
904	3596092	5264
905	3601356	5496
906	3606852	9143
907	3615995	4719
908	3620714	9552
909	3630266	3799
910	3634065	1100
911	3635165	1452
912	3636617	1385
913	3638002	9106
914	3647108	323
915	3647431	1755
916	3649186	795
917	3649981	1482
918	3651463	12580
919	3664043	8060
920	3672103	4105
921	3676208	5027
922	3681235	4490
923	3685725	8967
924	3694692	5391
925	3700083	2952
926	3703035	3137
927	3706172	1708
928	3707880	8118
929	3715998	3716
930	3719714	14198
931	3733912	3309
932	3737221	3903
933	3741124	4339
934	3745463	11619
935	3757082	956
936	3758038	8030
937	3766068	6292
938	3772360	808
939	3773168	5708
940	3778876	15726
941	3794602	942
942	3795544	6091
943	3801635	703
944	3802338	5287
945	3807625	8088
946	3815713	1467
947	3817180	4389
948	3821569	727
949	3822296	8939
950	3831235	1386
951	3832621	8514
952	3841135	4233
953	3845368	3234
954	3848602	12866
955	3861468	4583
956	3866051	2380
957	3868431	2436
958	3870867	668
959	3871535	1385
960	3872920	10091
961	3883011	21770
962	3904781	880
963	3905661	3522
964	3909183	3843
965	3913026	1431
966	3914457	1076
967	3915533	5768
968	3921301	1221
969	3922522	919
970	3923441	10829
971	3934270	1364
972	3935634	17734
973	3953368	9482
974	3962850	2852
975	3965702	1364
976	3967066	4607
977	3971673	5964
978	3977637	1068
979	3978705	2310
980	3981015	8174
981	3989189	3263
982	3992452	1850
983	3994302	538
984	3994840	1556
985	3996396	2284
986	3998680	3816
987	4002496	5942
988	4008438	1338
989	4009776	3176
990	4012952	1248
991	4014200	1322
992	4015522	1112
993	4016634	5544
994	4022178	938
995	4023116	4372
996	4027488	351
997	4027839	8883
998	4036722	3598
999	4040320	1615
1000	4041935	1347
1001	4043282	6404
1002	4049686	4081
1003	4053767	1259
1004	4055026	2952
1005	4057978	2665
1006	4060643	1788
1007	4062431	4119
1008	4066550	12825
1009	4079375	1483
1010	4080858	4038
1011	4084896	3588
1012	4088484	1373
1013	4089857	1096
1014	4090953	3967
1015	4094920	6881
1016	4101801	1592
1017	4103393	1526
1018	4104919	1461
1019	4106380	2439
1020	4108819	2166
1021	4110985	1755
1022	4112740	1772
1023	4114512	1163
1024	4115675	1644
1025	4117319	813
1026	4118132	7029
1027	4125161	8136
1028	4133297	1485
1029	4134782	1091
1030	4135873	4675
1031	4140548	2430
1032	4142978	1173
1033	4144151	6442
1034	4150593	1778
1035	4152371	7559
1036	4159930	2173
1037	4162103	6396
1038	4168499	3999
1039	4172498	1399
1040	4173897	8339
1041	4182236	6900
1042	4189136	9535
1043	4198671	3648
1044	4202319	2231
1045	4204550	3397
1046	4207947	4734
1047	4212681	1687
1048	4214368	679
1049	4215047	670
1050	4215717	693
1051	4216410	672
1052	4217082	713
1053	4217795	691
1054	4218486	701
1055	4219187	648
1056	4219835	641
1057	4220476	666
1058	4221142	647
1059	4221789	729
1060	4222518	697
1061	4223215	668
1062	4223883	643
1063	4224526	685
1064	4225211	637
1065	4225848	669
1066	4226517	655
1067	4227172	644
1068	4227816	664
1069	4228480	657
1070	4229137	667
1071	4229804	661
1072	4230465	677
1073	4231142	713
1074	4231855	676
1075	4232531	672
1076	4233203	691
1077	4233894	673
1078	4234567	677
1079	4235244	711
1080	4235955	708
1081	4236663	682
1082	4237345	709
1083	4238054	686
1084	4238740	716
1085	4239456	674
1086	4240130	647
1087	4240777	682
1088	4241459	661
1089	4242120	670
1090	4242790	647
1091	4243437	676
1092	4244113	664
1093	4244777	661
1094	4245438	664
1095	4246102	656
1096	4246758	666
1097	4247424	712
1098	4248136	664
1099	4248800	698
1100	4249498	678
1101	4250176	639
1102	4250815	677
1103	4251492	674
1104	4252166	692
1105	4252858	676
1106	4253534	713
1107	4254247	648
1108	4254895	663
1109	4255558	696
1110	4256254	674
1111	4256928	677
1112	4257605	670
1113	4258275	676
1114	4258951	694
1115	4259645	711
1116	4260356	664
1117	4261020	693
1118	4261713	659
1119	4262372	723
1120	4263095	677
1121	4263772	654
1122	4264426	683
1123	4265109	666
1124	4265775	675
1125	4266450	665
1126	4267115	652
1127	4267767	663
1128	4268430	660
1129	4269090	677
1130	4269767	661
1131	4270428	715
1132	4271143	684
1133	4271827	669
1134	4272496	695
1135	4273191	665
1136	4273856	669
1137	4274525	672
1138	4275197	674
1139	4275871	672
1140	4276543	694
1141	4277237	675
1142	4277912	704
1143	4278616	672
1144	4279288	648
1145	4279936	674
1146	4280610	671
1147	4281281	693
1148	4281974	677
1149	4282651	672
1150	4283323	666
1151	4283989	665
1152	4284654	675
1153	4285329	651
1154	4285980	669
1155	4286649	664
1156	4287313	666
1157	4287979	654
1158	4288633	669
1159	4289302	664
1160	4289966	667
1161	4290633	666
1162	4291299	680
1163	4291979	635
1164	4292614	693
1165	4293307	670
1166	4293977	707
1167	4294684	692
1168	4295376	678
1169	4296054	671
1170	4296725	707
1171	4297432	724
1172	4298156	646
1173	4298802	657
1174	4299459	692
1175	4300151	677
1176	4300828	676
1177	4301504	682
1178	4302186	713
1179	4302899	673
1180	4303572	690
1181	4304262	703
1182	4304965	670
1183	4305635	678
1184	4306313	718
1185	4307031	724
1186	4307755	672
1187	4308427	669
1188	4309096	656
1189	4309752	662
1190	4310414	666
1191	4311080	663
1192	4311743	695
1193	4312438	675
1194	4313113	652
1195	4313765	652
1196	4314417	654
1197	4315071	666
1198	4315737	665
1199	4316402	694
1200	4317096	680
1201	4317776	702
1202	4318478	706
1203	4319184	671
1204	4319855	693
1205	4320548	683
1206	4321231	697
1207	4321928	679
1208	4322607	679
1209	4323286	705
1210	4323991	662
1211	4324653	694
1212	4325347	677
1213	4326024	706
1214	4326730	713
1215	4327443	672
1216	4328115	694
1217	4328809	661
1218	4329470	667
1219	4330137	662
1220	4330799	661
1221	4331460	703
1222	4332163	658
1223	4332821	672
1224	4333493	660
1225	4334153	642
1226	4334795	660
1227	4335455	664
1228	4336119	649
1229	4336768	662
1230	4337430	659
1231	4338089	676
1232	4338765	657
1233	4339422	664
1234	4340086	701
1235	4340787	708
1236	4341495	724
1237	4342219	698
1238	4342917	664
1239	4343581	674
1240	4344255	691
1241	4344946	658
1242	4345604	696
1243	4346300	651
1244	4346951	667
1245	4347618	678
1246	4348296	663
1247	4348959	676
1248	4349635	701
1249	4350336	660
1250	4350996	653
1251	4351649	697
1252	4352346	667
1253	4353013	680
1254	4353693	655
1255	4354348	701
1256	4355049	665
1257	4355714	681
1258	4356395	667
1259	4357062	676
1260	4357738	716
1261	4358454	713
1262	4359167	723
1263	4359890	666
1264	4360556	692
1265	4361248	661
1266	4361909	666
1267	4362575	655
1268	4363230	687
1269	4363917	646
1270	4364563	652
1271	4365215	675
1272	4365890	655
1273	4366545	673
1274	4367218	660
1275	4367878	687
1276	4368565	651
1277	4369216	700
1278	4369916	683
1279	4370599	666
1280	4371265	693
1281	4371958	662
1282	4372620	664
1283	4373284	690
1284	4373974	665
1285	4374639	666
1286	4375305	677
1287	4375982	697
1288	4376679	662
1289	4377341	652
1290	4377993	703
1291	4378696	673
1292	4379369	666
1293	4380035	691
1294	4380726	677
1295	4381403	659
1296	4382062	695
1297	4382757	668
1298	4383425	713
1299	4384138	712
1300	4384850	705
1301	4385555	721
1302	4386276	724
1303	4387000	698
1304	4387698	693
1305	4388391	694
1306	4389085	711
1307	4389796	696
1308	4390492	677
1309	4391169	648
1310	4391817	666
1311	4392483	691
1312	4393174	666
1313	4393840	672
1314	4394512	698
1315	4395210	679
1316	4395889	643
1317	4396532	672
1318	4397204	696
1319	4397900	672
1320	4398572	706
1321	4399278	742
1322	4400020	741
1323	4400761	680
1324	4401441	645
1325	4402086	656
1326	4402742	658
1327	4403400	666
1328	4404066	639
1329	4404705	685
1330	4405390	633
1331	4406023	643
1332	4406666	667
1333	4407333	646
1334	4407979	680
1335	4408659	705
1336	4409364	659
1337	4410023	682
1338	4410705	700
1339	4411405	686
1340	4412091	692
1341	4412783	670
1342	4413453	683
1343	4414136	684
1344	4414820	694
1345	4415514	661
1346	4416175	724
1347	4416899	689
1348	4417588	648
1349	4418236	673
1350	4418909	659
1351	4419568	660
1352	4420228	657
1353	4420885	635
1354	4421520	658
1355	4422178	652
1356	4422830	661
1357	4423491	654
1358	4424145	665
1359	4424810	669
1360	4425479	694
1361	4426173	647
1362	4426820	675
1363	4427495	659
1364	4428154	724
1365	4428878	704
1366	4429582	669
1367	4430251	671
1368	4430922	663
1369	4431585	686
1370	4432271	655
1371	4432926	671
1372	4433597	665
1373	4434262	694
1374	4434956	664
1375	4435620	689
1376	4436309	704
1377	4437013	679
1378	4437692	672
1379	4438364	679
1380	4439043	669
1381	4439712	694
1382	4440406	671
1383	4441077	677
1384	4441754	662
1385	4442416	654
1386	4443070	649
1387	4443719	658
1388	4444377	642
1389	4445019	656
1390	4445675	673
1391	4446348	656
1392	4447004	652
1393	4447656	701
1394	4448357	688
1395	4449045	668
1396	4449713	701
1397	4450414	696
1398	4451110	667
1399	4451777	670
1400	4452447	671
1401	4453118	697
1402	4453815	683
1403	4454498	668
1404	4455166	692
1405	4455858	667
1406	4456525	704
1407	4457229	683
1408	4457912	695
1409	4458607	650
1410	4459257	652
1411	4459909	645
1412	4460554	697
1413	4461251	673
1414	4461924	672
1415	4462596	682
1416	4463278	671
1417	4463949	653
1418	4464602	659
1419	4465261	654
1420	4465915	647
1421	4466562	660
1422	4467222	651
1423	4467873	669
1424	4468542	634
1425	4469176	647
1426	4469823	664
1427	4470487	659
1428	4471146	684
1429	4471830	691
1430	4472521	659
1431	4473180	673
1432	4473853	652
1433	4474505	667
1434	4475172	647
1435	4475819	667
1436	4476486	697
1437	4477183	665
1438	4477848	678
1439	4478526	661
1440	4479187	638
1441	4479825	665
1442	4480490	694
1443	4481184	666
1444	4481850	696
1445	4482546	665
1446	4483211	677
1447	4483888	653
1448	4484541	673
1449	4485214	675
1450	4485889	648
1451	4486537	646
1452	4487183	699
1453	4487882	678
1454	4488560	647
1455	4489207	645
1456	4489852	638
1457	4490490	677
1458	4491167	718
1459	4491885	677
1460	4492562	644
1461	4493206	651
1462	4493857	645
1463	4494502	659
1464	4495161	637
1465	4495798	642
1466	4496440	641
1467	4497081	668
1468	4497749	650
1469	4498399	664
1470	4499063	633
1471	4499696	671
1472	4500367	661
1473	4501028	2154
1474	4503182	1016
1475	4504198	5453
1476	4509651	1985
1477	4511636	1515
1478	4513151	1870
1479	4515021	1184
1480	4516205	1191
1481	4517396	6972
1482	4524368	3770
1483	4528138	1036
1484	4529174	2486
1485	4531660	2245
1486	4533905	3236
1487	4537141	2601
1488	4539742	30056
1489	4569798	1110
1490	4570908	1760
1491	4572668	5123
1492	4577791	1264
1493	4579055	1664
1494	4580719	1745
1495	4582464	2424
1496	4584888	1692
1497	4586580	1596
1498	4588176	2653
1499	4590829	3236
1500	4594065	4678
1501	4598743	1798
1502	4600541	969
1503	4601510	1508
1504	4603018	2068
1505	4605086	1542
1506	4606628	1814
1507	4608442	1302
1508	4609744	1921
1509	4611665	1637
1510	4613302	874
1511	4614176	2732
1512	4616908	1889
1513	4618797	6169
1514	4624966	2743
1515	4627709	1418
1516	4629127	1220
1517	4630347	2702
1518	4633049	1471
1519	4634520	2331
1520	4636851	1482
1521	4638333	1354
1522	4639687	2206
1523	4641893	1535
1524	4643428	1730
1525	4645158	5234
1526	4650392	5624
1527	4656016	1690
1528	4657706	1312
1529	4659018	2985
1530	4662003	1617
1531	4663620	2805
1532	4666425	876
1533	4667301	1623
1534	4668924	4011
1535	4672935	3252
1536	4676187	3001
1537	4679188	3373
1538	4682561	2728
1539	4685289	1423
1540	4686712	1386
1541	4688098	900
1542	4688998	2181
1543	4691179	1106
1544	4692285	3340
1545	4695625	3217
1546	4698842	3794
1547	4702636	1770
1548	4704406	4888
1549	4709294	1801
1550	4711095	985
1551	4712080	1286
1552	4713366	1001
1553	4714367	1178
1554	4715545	5102
1555	4720647	1871
1556	4722518	1145
1557	4723663	1308
1558	4724971	1254
1559	4726225	4199
1560	4730424	1522
1561	4731946	2705
1562	4734651	2157
1563	4736808	1115
1564	4737923	1850
1565	4739773	5015
1566	4744788	2354
1567	4747142	6374
1568	4753516	3602
1569	4757118	6879
1570	4763997	10201
1571	4774198	2197
1572	4776395	3694
1573	4780089	2355
1574	4782444	3727
1575	4786171	2966
1576	4789137	3793
1577	4792930	1641
1578	4794571	10158
1579	4804729	2163
1580	4806892	5006
1581	4811898	2439
1582	4814337	1533
1583	4815870	7977
1584	4823847	6814
1585	4830661	4472
1586	4835133	9637
1587	4844770	6432
1588	4851202	5757
1589	4856959	2897
1590	4859856	5702
1591	4865558	10470
1592	4876028	4335
1593	4880363	6185
1594	4886548	4659
1595	4891207	2296
1596	4893503	3451
1597	4896954	8926
1598	4905880	1827
1599	4907707	5762
1600	4913469	4069
1601	4917538	4074
1602	4921612	2632
1603	4924244	388
1604	4924632	1877
1605	4926509	7424
1606	4933933	4470
1607	4938403	2450
1608	4940853	1764
1609	4942617	3108
1610	4945725	3547
1611	4949272	2813
1612	4952085	5260
1613	4957345	1197
1614	4958542	1183
1615	4959725	3135
1616	4962860	7642
1617	4970502	7675
1618	4978177	1210
1619	4979387	6057
1620	4985444	1713
1621	4987157	2350
1622	4989507	4859
1623	4994366	1744
1624	4996110	3378
1625	4999488	1948
1626	5001436	1192
1627	5002628	2662
1628	5005290	691
1629	5005981	2821
1630	5008802	5231
1631	5014033	1677
1632	5015710	2855
1633	5018565	4183
1634	5022748	1272
1635	5024020	1132
1636	5025152	1639
1637	5026791	1203
1638	5027994	1683
1639	5029677	845
1640	5030522	886
1641	5031408	3848
1642	5035256	851
1643	5036107	3135
1644	5039242	7866
1645	5047108	2568
1646	5049676	1527
1647	5051203	3182
1648	5054385	1179
1649	5055564	2720
1650	5058284	2372
1651	5060656	1367
1652	5062023	1050
1653	5063073	3093
1654	5066166	1485
1655	5067651	8374
1656	5076025	1484
1657	5077509	2077
1658	5079586	977
1659	5080563	1687
1660	5082250	1646
1661	5083896	935
1662	5084831	9667
1663	5094498	3980
1664	5098478	1986
1665	5100464	3151
1666	5103615	2468
1667	5106083	7804
1668	5113887	2681
1669	5116568	2032
1670	5118600	6235
1671	5124835	4263
1672	5129098	4383
1673	5133481	3852
1674	5137333	6905
1675	5144238	3622
1676	5147860	3302
1677	5151162	4642
1678	5155804	5284
1679	5161088	4461
1680	5165549	3437
1681	5168986	4139
1682	5173125	1157
1683	5174282	7965
1684	5182247	4589
1685	5186836	4407
1686	5191243	4392
1687	5195635	4104
1688	5199739	5582
1689	5205321	7816
1690	5213137	2364
1691	5215501	2145
1692	5217646	2968
1693	5220614	2962
1694	5223576	4632
1695	5228208	5447
1696	5233655	3186
1697	5236841	4106
1698	5240947	5478
1699	5246425	4700
1700	5251125	5136
1701	5256261	2508
1702	5258769	2746
1703	5261515	2986
1704	5264501	8280
1705	5272781	1246
1706	5274027	788
1707	5274815	4166
1708	5278981	3362
1709	5282343	1562
1710	5283905	9967
1711	5293872	3086
1712	5296958	8773
1713	5305731	3981
1714	5309712	5263
1715	5314975	4950
1716	5319925	8602
1717	5328527	4815
1718	5333342	3938
1719	5337280	539
1720	5337819	4704
1721	5342523	4412
1722	5346935	3832
1723	5350767	5843
1724	5356610	7235
1725	5363845	6487
1726	5370332	2591
1727	5372923	3378
1728	5376301	985
1729	5377286	22929
1730	5400215	18599
1731	5418814	2601
1732	5421415	8495
1733	5429910	1664
1734	5431574	2412
1735	5433986	7154
1736	5441140	3357
1737	5444497	11032
1738	5455529	2893
1739	5458422	3529
1740	5461951	3240
1741	5465191	4854
1742	5470045	7283
1743	5477328	6921
1744	5484249	6210
1745	5490459	1092
1746	5491551	2803
1747	5494354	3464
1748	5497818	1064
1749	5498882	2455
1750	5501337	1571
1751	5502908	6362
1752	5509270	13643
1753	5522913	2115
1754	5525028	12971
1755	5537999	6488
1756	5544487	2896
1757	5547383	5050
1758	5552433	1981
1759	5554414	9063
1760	5563477	6582
1761	5570059	2498
1762	5572557	6464
1763	5579021	1048
1764	5580069	1104
1765	5581173	2179
1766	5583352	1950
1767	5585302	6225
1768	5591527	649
1769	5592176	3099
1770	5595275	1276
1771	5596551	2319
1772	5598870	1131
1773	5600001	3498
1774	5603499	4130
1775	5607629	4346
1776	5611975	6306
1777	5618281	3773
1778	5622054	730
1779	5622784	4295
1780	5627079	4099
1781	5631178	555
1782	5631733	1017
1783	5632750	1602
1784	5634352	3673
1785	5638025	3607
1786	5641632	4822
1787	5646454	2716
1788	5649170	2097
1789	5651267	3149
1790	5654416	820
1791	5655236	3166
1792	5658402	2403
1793	5660805	2692
1794	5663497	3424
1795	5666921	2568
1796	5669489	4089
1797	5673578	2060
1798	5675638	1880
1799	5677518	4454
1800	5681972	1441
1801	5683413	4443
1802	5687856	3900
1803	5691756	5699
1804	5697455	6683
1805	5704138	4549
1806	5708687	1819
1807	5710506	6462
1808	5716968	2557
1809	5719525	3466
1810	5722991	2731
1811	5725722	10518
1812	5736240	782
1813	5737022	9134
1814	5746156	2223
1815	5748379	2539
1816	5750918	2409
1817	5753327	1365
1818	5754692	2964
1819	5757656	10190
1820	5767846	1295
1821	5769141	3987
1822	5773128	1143
1823	5774271	475
1824	5774746	10814
1825	5785560	1854
1826	5787414	3382
1827	5790796	3361
1828	5794157	9711
1829	5803868	2203
1830	5806071	1130
1831	5807201	799
1832	5808000	1073
1833	5809073	1851
1834	5810924	8540
1835	5819464	3474
1836	5822938	6364
1837	5829302	4833
1838	5834135	5629
1839	5839764	1725
1840	5841489	5379
1841	5846868	1710
1842	5848578	1729
1843	5850307	6821
1844	5857128	2803
1845	5859931	1515
1846	5861446	2085
1847	5863531	2599
1848	5866130	2596
1849	5868726	3799
1850	5872525	3770
1851	5876295	1665
1852	5877960	528
1853	5878488	4164
1854	5882652	6086
1855	5888738	1752
1856	5890490	3607
1857	5894097	2469
1858	5896566	5794
1859	5902360	7780
1860	5910140	4953
1861	5915093	921
1862	5916014	1287
1863	5917301	2047
1864	5919348	4079
1865	5923427	3508
1866	5926935	620
1867	5927555	4073
1868	5931628	2924
1869	5934552	2867
1870	5937419	3519
1871	5940938	5626
1872	5946564	4661
1873	5951225	5108
1874	5956333	2721
1875	5959054	9182
1876	5968236	9420
1877	5977656	5562
1878	5983218	2037
1879	5985255	7369
1880	5992624	3748
1881	5996372	2622
1882	5998994	8380
1883	6007374	1322
1884	6008696	1898
1885	6010594	3102
1886	6013696	4574
1887	6018270	2039
1888	6020309	1215
1889	6021524	1235
1890	6022759	5303
1891	6028062	2797
1892	6030859	4030
1893	6034889	1152
1894	6036041	2038
1895	6038079	2160
1896	6040239	1353
1897	6041592	2908
1898	6044500	1600
1899	6046100	753
1900	6046853	548
1901	6047401	877
1902	6048278	688
1903	6048966	549
1904	6049515	587
1905	6050102	1357
1906	6051459	3540
1907	6054999	3755
1908	6058754	528
1909	6059282	2101
1910	6061383	1354
1911	6062737	3412
1912	6066149	3284
1913	6069433	5340
1914	6074773	3026
1915	6077799	3827
1916	6081626	3306
1917	6084932	3055
1918	6087987	2117
1919	6090104	1951
1920	6092055	3214
1921	6095269	3793
1922	6099062	2188
1923	6101250	3825
1924	6105075	3638
1925	6108713	11168
1926	6119881	10091
1927	6129972	3840
1928	6133812	3464
1929	6137276	4234
1930	6141510	1533
1931	6143043	1474
1932	6144517	2369
1933	6146886	1966
1934	6148852	3118
1935	6151970	2777
1936	6154747	2404
1937	6157151	4337
1938	6161488	5481
1939	6166969	3037
1940	6170006	2769
1941	6172775	3762
1942	6176537	2144
1943	6178681	4028
1944	6182709	13159
1945	6195868	2535
1946	6198403	1939
1947	6200342	3643
1948	6203985	3886
1949	6207871	3896
1950	6211767	1917
1951	6213684	5459
1952	6219143	6897
1953	6226040	2529
1954	6228569	4603
1955	6233172	6997
1956	6240169	1524
1957	6241693	2505
1958	6244198	2694
1959	6246892	835
1960	6247727	5382
1961	6253109	290
1962	6253399	859
1963	6254258	3598
1964	6257856	5947
1965	6263803	1259
1966	6265062	1406
1967	6266468	4604
1968	6271072	2408
1969	6273480	2224
1970	6275704	4082
1971	6279786	1161
1972	6280947	1805
1973	6282752	2024
1974	6284776	3148
1975	6287924	7165
1976	6295089	8634
1977	6303723	3988
1978	6307711	4019
1979	6311730	4649
1980	6316379	3925
1981	6320304	1179
1982	6321483	4238
1983	6325721	2730
1984	6328451	1738
1985	6330189	4062
1986	6334251	3898
1987	6338149	2912
1988	6341061	1312
1989	6342373	3188
1990	6345561	7713
1991	6353274	19096
1992	6372370	2219
1993	6374589	3807
1994	6378396	1669
1995	6380065	4275
1996	6384340	5143
1997	6389483	8876
1998	6398359	3166
1999	6401525	8733
2000	6410258	5790
2001	6416048	2189
2002	6418237	4997
2003	6423234	1236
2004	6424470	3886
2005	6428356	6387
2006	6434743	1687
2007	6436430	3462
2008	6439892	2828
2009	6442720	6315
2010	6449035	1829
2011	6450864	6777
2012	6457641	3696
2013	6461337	10457
2014	6471794	7003
2015	6478797	4585
2016	6483382	3547
2017	6486929	6475
2018	6493404	9661
2019	6503065	1615
2020	6504680	2800
2021	6507480	2423
2022	6509903	4582
2023	6514485	8736
2024	6523221	1608
2025	6524829	4838
2026	6529667	6727
2027	6536394	8233
2028	6544627	3729
2029	6548356	5034
2030	6553390	3514
2031	6556904	1902
2032	6558806	1005
2033	6559811	1424
2034	6561235	1183
2035	6562418	2112
2036	6564530	1312
2037	6565842	1751
2038	6567593	1821
2039	6569414	2195
2040	6571609	1817
2041	6573426	7680
2042	6581106	18368
2043	6599474	3892
2044	6603366	4424
2045	6607790	3359
2046	6611149	3562
2047	6614711	10526
2048	6625237	4078
2049	6629315	1232
2050	6630547	907
2051	6631454	1519
2052	6632973	980
2053	6633953	1988
2054	6635941	4477
2055	6640418	1645
2056	6642063	6257
2057	6648320	7713
2058	6656033	2008
2059	6658041	4018
2060	6662059	2688
2061	6664747	4786
2062	6669533	8863
2063	6678396	4992
2064	6683388	7990
2065	6691378	4800
2066	6696178	10054
2067	6706232	2227
2068	6708459	1632
2069	6710091	2116
2070	6712207	1891
2071	6714098	2452
2072	6716550	2910
2073	6719460	2598
2074	6722058	13317
2075	6735375	2505
2076	6737880	2276
2077	6740156	3102
2078	6743258	10176
2079	6753434	4736
2080	6758170	7016
2081	6765186	3676
2082	6768862	3443
2083	6772305	2863
2084	6775168	5894
2085	6781062	3100
2086	6784162	5875
2087	6790037	4789
2088	6794826	13751
2089	6808577	3847
2090	6812424	2986
2091	6815410	1640
2092	6817050	8125
2093	6825175	5708
2094	6830883	12519
2095	6843402	3832
2096	6847234	2221
2097	6849455	5484
2098	6854939	7944
2099	6862883	10159
2100	6873042	3619
2101	6876661	3405
2102	6880066	2201
2103	6882267	3800
2104	6886067	2047
2105	6888114	1500
2106	6889614	7395
2107	6897009	1037
2108	6898046	961
2109	6899007	3295
2110	6902302	1842
2111	6904144	4078
2112	6908222	4044
2113	6912266	1414
2114	6913680	4937
2115	6918617	2619
2116	6921236	1770
2117	6923006	1993
2118	6924999	1502
2119	6926501	9672
2120	6936173	2039
2121	6938212	1873
2122	6940085	2665
2123	6942750	3207
2124	6945957	9558
2125	6955515	3482
2126	6958997	8398
2127	6967395	1746
2128	6969141	1085
2129	6970226	1075
2130	6971301	1388
2131	6972689	5380
2132	6978069	5012
2133	6983081	2171
2134	6985252	1758
2135	6987010	4036
2136	6991046	2339
2137	6993385	2276
2138	6995661	7690
2139	7003351	1335
2140	7004686	1494
2141	7006180	4299
2142	7010479	1283
2143	7011762	1251
2144	7013013	1428
2145	7014441	1705
2146	7016146	5203
2147	7021349	2542
2148	7023891	1392
2149	7025283	10950
2150	7036233	9595
2151	7045828	1585
2152	7047413	2132
2153	7049545	7051
2154	7056596	1883
2155	7058479	7381
2156	7065860	3405
2157	7069265	1938
2158	7071203	12906
2159	7084109	4695
2160	7088804	2492
2161	7091296	2339
2162	7093635	2171
2163	7095806	1398
2164	7097204	1187
2165	7098391	689
2166	7099080	4777
2167	7103857	1312
2168	7105169	919
2169	7106088	3133
2170	7109221	1912
2171	7111133	2895
2172	7114028	988
2173	7115016	1338
2174	7116354	1373
2175	7117727	545
2176	7118272	4975
2177	7123247	3262
2178	7126509	2228
2179	7128737	877
2180	7129614	803
2181	7130417	1262
2182	7131679	1608
2183	7133287	785
2184	7134072	1702
2185	7135774	571
2186	7136345	1859
2187	7138204	2489
2188	7140693	2340
2189	7143033	2705
2190	7145738	1667
2191	7147405	639
2192	7148044	2178
2193	7150222	2214
2194	7152436	2218
2195	7154654	2341
2196	7156995	2153
2197	7159148	499
2198	7159647	2446
2199	7162093	1251
2200	7163344	3119
2201	7166463	1577
2202	7168040	724
2203	7168764	1062
2204	7169826	8091
2205	7177917	11555
2206	7189472	2053
2207	7191525	3613
2208	7195138	5175
2209	7200313	5340
2210	7205653	5168
2211	7210821	6346
2212	7217167	1039
2213	7218206	7204
2214	7225410	2949
2215	7228359	4225
2216	7232584	6430
2217	7239014	2891
2218	7241905	1600
2219	7243505	2927
2220	7246432	3407
2221	7249839	1778
2222	7251617	5560
2223	7257177	9078
2224	7266255	2299
2225	7268554	8426
2226	7276980	6804
2227	7283784	6466
2228	7290250	3695
2229	7293945	3388
2230	7297333	2894
2231	7300227	3420
2232	7303647	476
2233	7304123	2174
2234	7306297	3932
2235	7310229	2916
2236	7313145	3585
2237	7316730	2702
2238	7319432	6567
2239	7325999	9428
2240	7335427	8445
2241	7343872	10532
2242	7354404	9699
2243	7364103	10281
2244	7374384	7963
2245	7382347	5479
2246	7387826	6249
2247	7394075	3556
2248	7397631	3995
2249	7401626	1563
2250	7403189	1668
2251	7404857	3157
2252	7408014	3519
2253	7411533	5942
2254	7417475	4599
2255	7422074	3489
2256	7425563	11609
2257	7437172	5157
2258	7442329	4811
2259	7447140	1076
2260	7448216	4172
2261	7452388	3663
2262	7456051	3448
2263	7459499	4563
2264	7464062	7991
2265	7472053	2251
2266	7474304	5543
2267	7479847	4383
2268	7484230	6537
2269	7490767	4795
2270	7495562	2173
2271	7497735	2149
2272	7499884	1499
2273	7501383	3319
2274	7504702	4601
2275	7509303	4140
2276	7513443	6241
2277	7519684	8583
2278	7528267	1859
2279	7530126	5786
2280	7535912	7280
2281	7543192	1291
2282	7544483	4113
2283	7548596	1632
2284	7550228	7300
2285	7557528	2760
2286	7560288	10145
2287	7570433	4298
2288	7574731	5810
2289	7580541	820
2290	7581361	3762
2291	7585123	1981
2292	7587104	3353
2293	7590457	3704
2294	7594161	6370
2295	7600531	1501
2296	7602032	2698
2297	7604730	2107
2298	7606837	3122
2299	7609959	1616
2300	7611575	8528
2301	7620103	3517
2302	7623620	3404
2303	7627024	7929
2304	7634953	8213
2305	7643166	8650
2306	7651816	5699
2307	7657515	7095
2308	7664610	1808
2309	7666418	6437
2310	7672855	9049
2311	7681904	3877
2312	7685781	2740
2313	7688521	2410
2314	7690931	3874
2315	7694805	4822
2316	7699627	4275
2317	7703902	7065
2318	7710967	8501
2319	7719468	8349
2320	7727817	5420
2321	7733237	7610
2322	7740847	6654
2323	7747501	2911
2324	7750412	1071
2325	7751483	3065
2326	7754548	10612
2327	7765160	7575
2328	7772735	7628
2329	7780363	1052
2330	7781415	2980
2331	7784395	8039
2332	7792434	6953
2333	7799387	4073
2334	7803460	9591
2335	7813051	9642
2336	7822693	2717
2337	7825410	3805
2338	7829215	5702
2339	7834917	14794
2340	7849711	3056
2341	7852767	4467
2342	7857234	7903
2343	7865137	6510
2344	7871647	2518
2345	7874165	3877
2346	7878042	3812
2347	7881854	3397
2348	7885251	5089
2349	7890340	2251
2350	7892591	1374
2351	7893965	4006
2352	7897971	1001
2353	7898972	3497
2354	7902469	3311
2355	7905780	3686
2356	7909466	3287
2357	7912753	2475
2358	7915228	997
2359	7916225	1272
2360	7917497	8077
2361	7925574	7023
2362	7932597	4494
2363	7937091	7308
2364	7944399	1006
2365	7945405	3340
2366	7948745	9081
2367	7957826	2158
2368	7959984	6306
2369	7966290	6297
2370	7972587	1153
2371	7973740	841
2372	7974581	6811
2373	7981392	3592
2374	7984984	2691
2375	7987675	625
2376	7988300	659
2377	7988959	632
2378	7989591	677
2379	7990268	659
2380	7990927	635
2381	7991562	600
2382	7992162	660
2383	7992822	671
2384	7993493	642
2385	7994135	637
2386	7994772	640
2387	7995412	640
2388	7996052	640
2389	7996692	637
2390	7997329	631
2391	7997960	642
2392	7998602	643
2393	7999245	658
2394	7999903	641
2395	8000544	632
2396	8001176	687
2397	8001863	630
2398	8002493	370
2399	8002863	675
2400	8003538	576
2401	8004114	638
2402	8004752	638
2403	8005390	680
2404	8006070	637
2405	8006707	633
2406	8007340	558
2407	8007898	643
2408	8008541	629
2409	8009170	628
2410	8009798	634
2411	8010432	662
2412	8011094	671
2413	8011765	638
2414	8012403	628
2415	8013031	296
2416	8013327	313
2417	8013640	641
2418	8014281	290
2419	8014571	312
2420	8014883	668
2421	8015551	628
2422	8016179	632
2423	8016811	660
2424	8017471	637
2425	8018108	638
2426	8018746	633
2427	8019379	637
2428	8020016	659
2429	8020675	639
2430	8021314	659
2431	8021973	657
2432	8022630	632
2433	8023262	632
2434	8023894	659
2435	8024553	632
2436	8025185	635
2437	8025820	624
2438	8026444	628
2439	8027072	631
2440	8027703	639
2441	8028342	647
2442	8028989	639
2443	8029628	660
2444	8030288	599
2445	8030887	658
2446	8031545	643
2447	8032188	626
2448	8032814	638
2449	8033452	657
2450	8034109	636
2451	8034745	638
2452	8035383	638
2453	8036021	634
2454	8036655	669
2455	8037324	646
2456	8037970	657
2457	8038627	670
2458	8039297	626
2459	8039923	621
2460	8040544	630
2461	8041174	639
2462	8041813	646
2463	8042459	639
2464	8043098	641
2465	8043739	599
2466	8044338	660
2467	8044998	631
2468	8045629	640
2469	8046269	627
2470	8046896	657
2471	8047553	631
2472	8048184	644
2473	8048828	660
2474	8049488	619
2475	8050107	630
2476	8050737	640
2477	8051377	648
2478	8052025	640
2479	8052665	635
2480	8053300	601
2481	8053901	655
2482	8054556	642
2483	8055198	625
2484	8055823	657
2485	8056480	636
2486	8057116	645
2487	8057761	709
2488	8058470	646
2489	8059116	656
2490	8059772	617
2491	8060389	598
2492	8060987	625
2493	8061612	633
2494	8062245	640
2495	8062885	646
2496	8063531	640
2497	8064171	634
2498	8064805	643
2499	8065448	628
2500	8066076	656
2501	8066732	656
2502	8067388	633
2503	8068021	633
2504	8068654	656
2505	8069310	623
2506	8069933	636
2507	8070569	640
2508	8071209	648
2509	8071857	640
2510	8072497	633
2511	8073130	598
2512	8073728	656
2513	8074384	643
2514	8075027	623
2515	8075650	632
2516	8076282	641
2517	8076923	628
2518	8077551	633
2519	8078184	638
2520	8078822	651
2521	8079473	641
2522	8080114	635
2523	8080749	693
2524	8081442	628
2525	8082070	684
2526	8082754	676
2527	8083430	633
2528	8084063	637
2529	8084700	636
2530	8085336	625
2531	8085961	634
2532	8086595	635
2533	8087230	649
2534	8087879	640
2535	8088519	667
2536	8089186	626
2537	8089812	649
2538	8090461	641
2539	8091102	626
2540	8091728	663
2541	8092391	621
2542	8093012	632
2543	8093644	640
2544	8094284	641
2545	8094925	642
2546	8095567	626
2547	8096193	629
2548	8096822	616
2549	8097438	641
2550	8098079	641
2551	8098720	623
2552	8099343	635
2553	8099978	640
2554	8100618	650
2555	8101268	640
2556	8101908	667
2557	8102575	626
2558	8103201	692
2559	8103893	614
2560	8104507	640
2561	8105147	679
2562	8105826	632
2563	8106458	622
2564	8107080	636
2565	8107716	640
2566	8108356	620
2567	8108976	634
2568	8109610	640
2569	8110250	690
2570	8110940	625
2571	8111565	636
2572	8112201	645
2573	8112846	655
2574	8113501	619
2575	8114120	633
2576	8114753	635
2577	8115388	645
2578	8116033	644
2579	8116677	654
2580	8117331	650
2581	8117981	640
2582	8118621	623
2583	8119244	644
2584	8119888	660
2585	8120548	658
2586	8121206	600
2587	8121806	663
2588	8122469	623
2589	8123092	641
2590	8123733	623
2591	8124356	628
2592	8124984	658
2593	8125642	638
2594	8126280	698
2595	8126978	644
2596	8127622	1631
2597	8129253	2828
2598	8132081	955
2599	8133036	1132
2600	8134168	15585
2601	8149753	6440
2602	8156193	13971
2603	8170164	744
2604	8170908	2059
2605	8172967	2616
2606	8175583	2792
2607	8178375	1785
2608	8180160	20071
2609	8200231	9046
2610	8209277	3579
2611	8212856	3561
2612	8216417	3402
2613	8219819	3369
2614	8223188	437
2615	8223625	2554
2616	8226179	2916
2617	8229095	4115
2618	8233210	2976
2619	8236186	936
2620	8237122	3853
2621	8240975	28643
2622	8269618	4221
2623	8273839	7408
2624	8281247	9338
2625	8290585	30319
2626	8320904	19690
2627	8340594	957
2628	8341551	623
2629	8342174	2331
2630	8344505	1621
2631	8346126	4972
2632	8351098	3322
2633	8354420	4055
2634	8358475	2507
2635	8360982	4598
2636	8365580	1151
2637	8366731	2010
2638	8368741	676
2639	8369417	428
2640	8369845	9926
2641	8379771	2307
2642	8382078	860
2643	8382938	3549
2644	8386487	938
2645	8387425	2592
2646	8390017	3130
2647	8393147	337
2648	8393484	7221
2649	8400705	19038
2650	8419743	5709
2651	8425452	1309
2652	8426761	2186
2653	8428947	2354
2654	8431301	2615
2655	8433916	3654
2656	8437570	2365
2657	8439935	22102
2658	8462037	859
2659	8462896	402
2660	8463298	1158
2661	8464456	3851
2662	8468307	1142
2663	8469449	3545
2664	8472994	3257
2665	8476251	1584
2666	8477835	1353
2667	8479188	2023
2668	8481211	2164
2669	8483375	1320
2670	8484695	3902
2671	8488597	559
2672	8489156	6477
2673	8495633	2581
2674	8498214	3679
2675	8501893	827
2676	8502720	1278
2677	8503998	2424
2678	8506422	696
2679	8507118	795
2680	8507913	5024
2681	8512937	5683
2682	8518620	2567
2683	8521187	8597
2684	8529784	7420
2685	8537204	2434
2686	8539638	1478
2687	8541116	1658
2688	8542774	2691
2689	8545465	2599
2690	8548064	2270
2691	8550334	3081
2692	8553415	2087
2693	8555502	3005
2694	8558507	6973
2695	8565480	6379
2696	8571859	6911
2697	8578770	6790
2698	8585560	3962
2699	8589522	8143
2700	8597665	7804
2701	8605469	3134
2702	8608603	1817
2703	8610420	3001
2704	8613421	1633
2705	8615054	3043
2706	8618097	3454
2707	8621551	1878
2708	8623429	1545
2709	8624974	4789
2710	8629763	1762
2711	8631525	1536
2712	8633061	2482
2713	8635543	3633
2714	8639176	2081
2715	8641257	1476
2716	8642733	2829
2717	8645562	7835
2718	8653397	3350
2719	8656747	3643
2720	8660390	8892
2721	8669282	3751
2722	8673033	2842
2723	8675875	2219
2724	8678094	3585
2725	8681679	3512
2726	8685191	2088
2727	8687279	1617
2728	8688896	1811
2729	8690707	6377
2730	8697084	3216
2731	8700300	2252
2732	8702552	1877
2733	8704429	3439
2734	8707868	2022
2735	8709890	4167
2736	8714057	2731
2737	8716788	3774
2738	8720562	1763
2739	8722325	1554
2740	8723879	1563
2741	8725442	1635
2742	8727077	3665
2743	8730742	2750
2744	8733492	3977
2745	8737469	2396
2746	8739865	2410
2747	8742275	2604
2748	8744879	2387
2749	8747266	2549
2750	8749815	23268
2751	8773083	3229
2752	8776312	3631
2753	8779943	6333
2754	8786276	3102
2755	8789378	3310
2756	8792688	3423
2757	8796111	5250
2758	8801361	1625
2759	8802986	2602
2760	8805588	3432
2761	8809020	2463
2762	8811483	1091
2763	8812574	2374
2764	8814948	5094
2765	8820042	4238
2766	8824280	3029
2767	8827309	3788
2768	8831097	2650
2769	8833747	5431
2770	8839178	2538
2771	8841716	3800
2772	8845516	1110
2773	8846626	5325
2774	8851951	1453
2775	8853404	1225
2776	8854629	2055
2777	8856684	7454
2778	8864138	3340
2779	8867478	2548
2780	8870026	775
2781	8870801	3243
2782	8874044	780
2783	8874824	6230
2784	8881054	6372
2785	8887426	5750
2786	8893176	10761
2787	8903937	4325
2788	8908262	6398
2789	8914660	3061
2790	8917721	6111
2791	8923832	6092
2792	8929924	1706
2793	8931630	6485
2794	8938115	3288
2795	8941403	6723
2796	8948126	9047
2797	8957173	1438
2798	8958611	2923
2799	8961534	1788
2800	8963322	3364
2801	8966686	6026
2802	8972712	6806
2803	8979518	6316
2804	8985834	6438
2805	8992272	9713
2806	9001985	9754
2807	9011739	1194
2808	9012933	727
2809	9013660	1160
2810	9014820	3810
2811	9018630	682
2812	9019312	5540
2813	9024852	1405
2814	9026257	2794
2815	9029051	2331
2816	9031382	5541
2817	9036923	12231
2818	9049154	2610
2819	9051764	26099
2820	9077863	3724
2821	9081587	4049
2822	9085636	12444
2823	9098080	4415
2824	9102495	3905
2825	9106400	14665
2826	9121065	12287
2827	9133352	3689
2828	9137041	9116
2829	9146157	1817
2830	9147974	726
2831	9148700	3245
2832	9151945	2870
2833	9154815	5833
2834	9160648	9632
2835	9170280	4057
2836	9174337	1148
2837	9175485	1799
2838	9177284	5514
2839	9182798	4611
2840	9187409	4557
2841	9191966	4408
2842	9196374	4384
2843	9200758	3689
2844	9204447	6178
2845	9210625	4205
2846	9214830	1119
2847	9215949	748
2848	9216697	8858
2849	9225555	3968
2850	9229523	7021
2851	9236544	1526
2852	9238070	2492
2853	9240562	1101
2854	9241663	1039
2855	9242702	1030
2856	9243732	5341
2857	9249073	11013
2858	9260086	761
2859	9260847	680
2860	9261527	4032
2861	9265559	10104
2862	9275663	3124
2863	9278787	866
2864	9279653	641
2865	9280294	1002
2866	9281296	740
2867	9282036	1767
2868	9283803	12313
2869	9296116	4341
2870	9300457	3625
2871	9304082	14616
2872	9318698	1116
2873	9319814	6226
2874	9326040	9224
2875	9335264	11717
2876	9346981	2093
2877	9349074	6522
2878	9355596	5837
2879	9361433	5998
2880	9367431	1243
2881	9368674	4955
2882	9373629	10002
2883	9383631	5524
2884	9389155	3057
2885	9392212	2010
2886	9394222	2337
2887	9396559	1840
2888	9398399	1434
2889	9399833	1514
2890	9401347	1579
2891	9402926	1653
2892	9404579	3475
2893	9408054	2565
2894	9410619	15293
2895	9425912	7988
2896	9433900	6170
2897	9440070	2570
2898	9442640	3704
2899	9446344	2775
2900	9449119	1398
2901	9450517	4991
2902	9455508	1416
2903	9456924	1712
2904	9458636	1850
2905	9460486	2890
2906	9463376	8183
2907	9471559	7534
2908	9479093	3505
2909	9482598	9765
2910	9492363	1659
2911	9494022	966
2912	9494988	1669
2913	9496657	4147
2914	9500804	1039
2915	9501843	15107
2916	9516950	6524
2917	9523474	3501
2918	9526975	3512
2919	9530487	1230
2920	9531717	4807
2921	9536524	776
2922	9537300	513
2923	9537813	7805
2924	9545618	2873
2925	9548491	3643
2926	9552134	2749
2927	9554883	1227
2928	9556110	1007
2929	9557117	11877
2930	9568994	5371
2931	9574365	5914
2932	9580279	1780
2933	9582059	22685
2934	9604744	1521
2935	9606265	6635
2936	9612900	5123
2937	9618023	9808
2938	9627831	1669
2939	9629500	758
2940	9630258	743
2941	9631001	2937
2942	9633938	1887
2943	9635825	2328
2944	9638153	3199
2945	9641352	2909
2946	9644261	2972
2947	9647233	3024
2948	9650257	2454
2949	9652711	2485
2950	9655196	2554
2951	9657750	870
2952	9658620	1612
2953	9660232	5846
2954	9666078	2594
2955	9668672	1304
2956	9669976	2061
2957	9672037	1596
2958	9673633	2914
2959	9676547	5819
2960	9682366	1211
2961	9683577	2838
2962	9686415	1860
2963	9688275	1253
2964	9689528	1137
2965	9690665	1794
2966	9692459	6008
2967	9698467	3456
2968	9701923	1611
2969	9703534	629
2970	9704163	2720
2971	9706883	915
2972	9707798	5777
2973	9713575	5227
2974	9718802	1629
2975	9720431	780
2976	9721211	809
2977	9722020	2501
2978	9724521	5816
2979	9730337	3755
2980	9734092	3731
2981	9737823	3689
2982	9741512	4070
2983	9745582	3854
2984	9749436	3773
2985	9753209	645
2986	9753854	5836
2987	9759690	701
2988	9760391	2821
2989	9763212	2884
2990	9766096	1109
2991	9767205	1292
2992	9768497	7597
2993	9776094	1501
2994	9777595	2313
2995	9779908	2113
2996	9782021	1474
2997	9783495	1000
2998	9784495	1719
2999	9786214	2639
3000	9788853	17057
3001	9805910	1563
3002	9807473	4864
3003	9812337	2125
3004	9814462	2836
3005	9817298	6296
3006	9823594	550
3007	9824144	4050
3008	9828194	2058
3009	9830252	1229
3010	9831481	4675
3011	9836156	870
3012	9837026	2134
3013	9839160	1912
3014	9841072	4199
3015	9845271	4712
3016	9849983	9254
3017	9859237	4147
3018	9863384	2723
3019	9866107	861
3020	9866968	826
3021	9867794	925
3022	9868719	1069
3023	9869788	2828
3024	9872616	2717
3025	9875333	1261
3026	9876594	1117
3027	9877711	872
3028	9878583	992
3029	9879575	1007
3030	9880582	2371
3031	9882953	1755
3032	9884708	1164
3033	9885872	914
3034	9886786	1145
3035	9887931	1369
3036	9889300	1010
3037	9890310	1961
3038	9892271	2637
3039	9894908	1287
3040	9896195	2754
3041	9898949	2830
3042	9901779	3011
3043	9904790	1074
3044	9905864	3639
3045	9909503	4308
3046	9913811	3344
3047	9917155	5895
3048	9923050	3313
3049	9926363	934
3050	9927297	2341
3051	9929638	4641
3052	9934279	808
3053	9935087	5819
3054	9940906	1248
3055	9942154	6029
3056	9948183	888
3057	9949071	1632
3058	9950703	887
3059	9951590	3288
3060	9954878	6431
3061	9961309	840
3062	9962149	3434
3063	9965583	4051
3064	9969634	1261
3065	9970895	1095
3066	9971990	1816
3067	9973806	1549
3068	9975355	2511
3069	9977866	2510
3070	9980376	1762
3071	9982138	1393
3072	9983531	2924
3073	9986455	2451
3074	9988906	1582
3075	9990488	1875
3076	9992363	1095
3077	9993458	965
3078	9994423	3378
3079	9997801	1972
3080	9999773	1943
3081	10001716	2238
3082	10003954	1968
3083	10005922	3138
3084	10009060	1808
3085	10010868	3211
3086	10014079	531
3087	10014610	1119
3088	10015729	824
3089	10016553	2582
3090	10019135	1071
3091	10020206	2294
3092	10022500	1876
3093	10024376	1438
3094	10025814	738
3095	10026552	1691
3096	10028243	2552
3097	10030795	1580
3098	10032375	2300
3099	10034675	2403
3100	10037078	2263
3101	10039341	1081
3102	10040422	2534
3103	10042956	1440
3104	10044396	4200
3105	10048596	2123
3106	10050719	1804
3107	10052523	4227
3108	10056750	551
3109	10057301	844
3110	10058145	2578
3111	10060723	4253
3112	10064976	3572
3113	10068548	918
3114	10069466	3528
3115	10072994	1235
3116	10074229	2409
3117	10076638	2668
3118	10079306	1493
3119	10080799	1217
3120	10082016	1793
3121	10083809	4570
3122	10088379	1096
3123	10089475	4237
3124	10093712	1840
3125	10095552	2162
3126	10097714	4972
3127	10102686	2646
3128	10105332	2616
3129	10107948	376
3130	10108324	1542
3131	10109866	1515
3132	10111381	2204
3133	10113585	1508
3134	10115093	1096
3135	10116189	2682
3136	10118871	1030
3137	10119901	344
3138	10120245	4592
3139	10124837	1299
3140	10126136	908
3141	10127044	3933
3142	10130977	1355
3143	10132332	3143
3144	10135475	2638
3145	10138113	1304
3146	10139417	1253
3147	10140670	2513
3148	10143183	1212
3149	10144395	1350
3150	10145745	7430
3151	10153175	7024
3152	10160199	1675
3153	10161874	1609
3154	10163483	2052
3155	10165535	1357
3156	10166892	521
3157	10167413	1370
3158	10168783	2312
3159	10171095	4507
3160	10175602	1553
3161	10177155	11573
3162	10188728	2068
3163	10190796	831
3164	10191627	933
3165	10192560	1074
3166	10193634	1839
3167	10195473	730
3168	10196203	11586
3169	10207789	1797
3170	10209586	2979
3171	10212565	3760
3172	10216325	964
3173	10217289	2224
3174	10219513	1243
3175	10220756	4777
3176	10225533	325
3177	10225858	7070
3178	10232928	1057
3179	10233985	1796
3180	10235781	2581
3181	10238362	1499
3182	10239861	1260
3183	10241121	1667
3184	10242788	3010
3185	10245798	1334
3186	10247132	6461
3187	10253593	2706
3188	10256299	458
3189	10256757	4257
3190	10261014	535
3191	10261549	1501
3192	10263050	2140
3193	10265190	2810
3194	10268000	3190
3195	10271190	1390
3196	10272580	1548
3197	10274128	1150
3198	10275278	1465
3199	10276743	2364
3200	10279107	605
3201	10279712	4263
3202	10283975	3620
3203	10287595	3067
3204	10290662	4835
3205	10295497	2636
3206	10298133	2739
3207	10300872	3585
3208	10304457	3483
3209	10307940	19810
3210	10327750	4013
3211	10331763	1267
3212	10333030	5362
3213	10338392	4334
3214	10342726	3808
3215	10346534	4386
3216	10350920	3083
3217	10354003	4318
3218	10358321	3750
3219	10362071	4011
3220	10366082	4173
3221	10370255	3557
3222	10373812	3657
3223	10377469	3819
3224	10381288	4018
3225	10385306	3485
3226	10388791	4324
3227	10393115	3777
3228	10396892	4733
3229	10401625	3517
3230	10405142	4790
3231	10409932	4199
3232	10414131	3965
3233	10418096	2859
3234	10420955	3104
3235	10424059	3146
3236	10427205	4075
3237	10431280	3281
3238	10434561	19370
3239	10453931	4368
3240	10458299	3421
3241	10461720	1567
3242	10463287	3467
3243	10466754	3529
3244	10470283	19555
3245	10489838	4687
3246	10494525	1524
3247	10496049	3427
3248	10499476	4862
3249	10504338	4160
3250	10508498	1240
3251	10509738	3467
3252	10513205	5459
3253	10518664	3789
3254	10522453	5079
3255	10527532	3303
3256	10530835	3744
3257	10534579	3494
3258	10538073	2750
3259	10540823	3252
3260	10544075	3660
3261	10547735	3209
3262	10550944	3564
3263	10554508	18953
3264	10573461	4530
3265	10577991	3795
3266	10581786	3635
3267	10585421	1608
3268	10587029	4343
3269	10591372	1252
3270	10592624	946
3271	10593570	2974
3272	10596544	4085
3273	10600629	3563
3274	10604192	2862
3275	10607054	3542
3276	10610596	2626
3277	10613222	1123
3278	10614345	4236
3279	10618581	19828
3280	10638409	3343
3281	10641752	4829
3282	10646581	3329
3283	10649910	3661
3284	10653571	5011
3285	10658582	6556
3286	10665138	4251
3287	10669389	8661
3288	10678050	4052
3289	10682102	7548
3290	10689650	38584
3291	10728234	17888
3292	10746122	5307
3293	10751429	2785
3294	10754214	10557
3295	10764771	3799
3296	10768570	4744
3297	10773314	5424
3298	10778738	4842
3299	10783580	5262
3300	10788842	6742
3301	10795584	6501
3302	10802085	4695
3303	10806780	4166
3304	10810946	8969
3305	10819915	8421
3306	10828336	5499
3307	10833835	4288
3308	10838123	7460
3309	10845583	7921
3310	10853504	5664
3311	10859168	4481
3312	10863649	4976
3313	10868625	6349
3314	10874974	3497
3315	10878471	4260
3316	10882731	8235
3317	10890966	7879
3318	10898845	8019
3319	10906864	7326
3320	10914190	1645
3321	10915835	5268
3322	10921103	16465
3323	10937568	4624
3324	10942192	9465
3325	10951657	5325
3326	10956982	5571
3327	10962553	18447
3328	10981000	5380
3329	10986380	3415
3330	10989795	11491
3331	11001286	7893
3332	11009179	2143
3333	11011322	2887
3334	11014209	3682
3335	11017891	19793
3336	11037684	4314
3337	11041998	3538
3338	11045536	12581
3339	11058117	6801
3340	11064918	25803
3341	11090721	11244
3342	11101965	7111
3343	11109076	5964
3344	11115040	6368
3345	11121408	23607
3346	11145015	2710
3347	11147725	742
3348	11148467	5967
3349	11154434	3343
3350	11157777	8960
3351	11166737	4032
3352	11170769	2058
3353	11172827	3439
3354	11176266	7605
3355	11183871	2649
3356	11186520	2746
3357	11189266	9677
3358	11198943	19354
3359	11218297	3125
3360	11221422	2762
3361	11224184	5385
3362	11229569	2270
3363	11231839	4276
3364	11236115	6605
3365	11242720	979
3366	11243699	4898
3367	11248597	8297
3368	11256894	5364
3369	11262258	6695
3370	11268953	939
3371	11269892	3804
3372	11273696	2968
3373	11276664	3603
3374	11280267	2559
3375	11282826	3719
3376	11286545	4705
3377	11291250	9649
3378	11300899	9656
3379	11310555	11548
3380	11322103	2172
3381	11324275	4815
3382	11329090	3037
3383	11332127	1667
3384	11333794	5805
3385	11339599	2050
3386	11341649	1942
3387	11343591	8411
3388	11352002	8814
3389	11360816	2777
3390	11363593	4512
3391	11368105	3167
3392	11371272	1963
3393	11373235	10668
3394	11383903	6301
3395	11390204	4902
3396	11395106	5325
3397	11400431	1339
3398	11401770	1875
3399	11403645	3624
3400	11407269	3723
3401	11410992	2552
3402	11413544	7707
3403	11421251	7024
3404	11428275	6507
3405	11434782	8821
3406	11443603	3172
3407	11446775	2832
3408	11449607	1865
3409	11451472	7082
3410	11458554	3433
3411	11461987	2672
3412	11464659	1184
3413	11465843	11658
3414	11477501	10862
3415	11488363	9923
3416	11498286	6958
3417	11505244	8958
3418	11514202	2314
3419	11516516	541
3420	11517057	2796
3421	11519853	644
3422	11520497	4321
3423	11524818	2343
3424	11527161	9214
3425	11536375	6542
3426	11542917	1583
3427	11544500	7435
3428	11551935	2754
3429	11554689	7705
3430	11562394	4496
3431	11566890	2961
3432	11569851	6331
3433	11576182	9275
3434	11585457	2995
3435	11588452	4407
3436	11592859	3919
3437	11596778	1737
3438	11598515	6539
3439	11605054	5496
3440	11610550	5255
3441	11615805	8051
3442	11623856	1859
3443	11625715	2841
3444	11628556	3700
3445	11632256	2019
3446	11634275	3235
3447	11637510	2880
3448	11640390	7596
3449	11647986	429
3450	11648415	531
3451	11648946	11279
3452	11660225	4510
3453	11664735	3695
3454	11668430	9045
3455	11677475	3426
3456	11680901	2070
3457	11682971	2020
3458	11684991	7150
3459	11692141	6483
3460	11698624	3709
3461	11702333	2265
3462	11704598	14988
3463	11719586	6433
3464	11726019	1347
3465	11727366	1994
3466	11729360	2956
3467	11732316	2603
3468	11734919	2155
3469	11737074	1607
3470	11738681	759
3471	11739440	1409
3472	11740849	753
3473	11741602	405
3474	11742007	4006
3475	11746013	3081
3476	11749094	4183
3477	11753277	7626
3478	11760903	5456
3479	11766359	1374
3480	11767733	1191
3481	11768924	947
3482	11769871	1877
3483	11771748	2438
3484	11774186	5515
3485	11779701	2529
3486	11782230	8119
3487	11790349	2489
3488	11792838	934
3489	11793772	865
3490	11794637	1661
3491	11796298	2257
3492	11798555	7305
3493	11805860	1659
3494	11807519	4787
3495	11812306	2475
3496	11814781	3656
3497	11818437	2711
3498	11821148	6987
3499	11828135	2322
3500	11830457	3041
3501	11833498	4623
3502	11838121	2541
3503	11840662	2903
3504	11843565	1924
3505	11845489	1293
3506	11846782	4756
3507	11851538	1653
3508	11853191	1022
3509	11854213	1621
3510	11855834	1819
3511	11857653	4628
3512	11862281	1692
3513	11863973	2704
3514	11866677	9368
3515	11876045	1896
3516	11877941	2653
3517	11880594	9109
3518	11889703	3570
3519	11893273	6177
3520	11899450	3388
3521	11902838	2975
3522	11905813	7901
3523	11913714	1753
3524	11915467	2220
3525	11917687	1666
3526	11919353	982
3527	11920335	1698
3528	11922033	1800
3529	11923833	7406
3530	11931239	3162
3531	11934401	1694
3532	11936095	1430
3533	11937525	7707
3534	11945232	2011
3535	11947243	2133
3536	11949376	1803
3537	11951179	1705
3538	11952884	2096
3539	11954980	1176
3540	11956156	7415
3541	11963571	1308
3542	11964879	1086
3543	11965965	9088
3544	11975053	11277
3545	11986330	9262
3546	11995592	16017
3547	12011609	8764
3548	12020373	8456
3549	12028829	7391
3550	12036220	11302
3551	12047522	19515
3552	12067037	13565
3553	12080602	5493
3554	12086095	501
3555	12086596	841
3556	12087437	3205
3557	12090642	7351
3558	12097993	548
3559	12098541	1546
3560	12100087	3468
3561	12103555	2112
3562	12105667	9178
3563	12114845	8032
3564	12122877	4700
3565	12127577	2698
3566	12130275	4092
3567	12134367	7161
3568	12141528	3416
3569	12144944	2843
3570	12147787	688
3571	12148475	1061
3572	12149536	1649
3573	12151185	6687
3574	12157872	1357
3575	12159229	11460
3576	12170689	6357
3577	12177046	4448
3578	12181494	25815
3579	12207309	3759
3580	12211068	5152
3581	12216220	8415
3582	12224635	9782
3583	12234417	4642
3584	12239059	9608
3585	12248667	12856
3586	12261523	4701
3587	12266224	10969
3588	12277193	5120
3589	12282313	1766
3590	12284079	3825
3591	12287904	4776
3592	12292680	3719
3593	12296399	10727
3594	12307126	9925
3595	12317051	6859
3596	12323910	6120
3597	12330030	5816
3598	12335846	3918
3599	12339764	3514
3600	12343278	3853
3601	12347131	3343
3602	12350474	12287
3603	12362761	12854
3604	12375615	4240
3605	12379855	2872
3606	12382727	5583
3607	12388310	15929
3608	12404239	4304
3609	12408543	728
3610	12409271	1213
3611	12410484	4421
3612	12414905	4395
3613	12419300	2100
3614	12421400	13049
3615	12434449	8845
3616	12443294	7758
3617	12451052	10709
3618	12461761	7016
3619	12468777	8959
3620	12477736	2353
3621	12480089	8175
3622	12488264	8307
3623	12496571	3908
3624	12500479	5768
3625	12506247	13755
3626	12520002	540
3627	12520542	1544
3628	12522086	3099
